100111111
100100001
000010000
110100011
110000011
000100011
011000000
000101111
000010010
000100111
110100011
110000011
000101000
000110111
110100010
110000011
000101001
000110111
110100001
110000011
000101010
000110111
110000011
000101011
000111000
010100011
000101100
000001111
000101111
000111100
000000100
000100100
000111001
010100011
000101100
000001111
000101111
000111100
000000100
000100100
000111010
010100011
000101100
000001111
000101111
000111100
000000100
000100100
000111011
010100011
000101100
000001111
000101111
000111100
000000100
000100100
011000000
000101110
010101111
010101110
000000101
000100101
100001000
000100001
011000000
100111111
010100010
010110000
000110010
100100001
000010000
000101000
000110111
110000100
000101001
000111000
110100111
110000011
001001001
000101001
000110111
110000101
000101010
000111000
110100110
110000011
001001010
000101010
000110111
110000110
000101011
000111000
110100101
110000011
001001011
000101011
000110111
110000111
000101100
000111000
110100100
110000011
001001100
000101100
000111001
010100011
000000110
000100110
000111010
010100011
000000110
000100110
000111011
010100011
000000110
000100110
000111100
010100011
000000110
000100110
100000111
000100001
011000000
100111111
100100001
000101000
000110010
100100001
000100010
010011000
010110000
011000000
100111111
100100010
000101000
000110100
010001000 
000111000
100100001
000101000
000110101
010001000 
000111000
100100001
000101000
000110100
000000110
010001000 
111111111
