011000000
000101110
000101111
100111111
000000010
000010000
000100011
011000000
100111110
000000010
000010000
000100100
000110011
001010100
001100000
000100101
011000000
100100001
010100101
000101101
011000000
100111111
100111111
100111111
100111111
100111111
100101111
000100101
001110011
000100110
000110101
001110100
001010110
001100000
000100101
011000000
100100001
010100101
000101110
000101111
011000000
100111111
100111111
100111111
100111111
100111111
100111111
100110010
000100101
001110011
000100110
000110101
001110100
001010110
001100000
000100101
011000000
100100001
010100101
000100110
110000001
001001110
000101110
000111111
000000110
000101111
000110011
110100100
000100101
000110100
110100100
001010101
001100000
000100101
011000000
100100001
010100101
000100110
110000010
001001110
000101110
000111111
000000110
000101111
000110011
001100000
000100101
011000000
100100001
010100101
000100110
110000011
001001110
000101110
000111111
000000110
000101111
000110011
110100101
000100101
000110011
110100001
110000100
000100110
000110100
110100101
110000001
001000110
000100110
011000000
100101000
001110100
110100011
001000110
000100110
100000011
000100001
011000000
010101101
010110000
100000101
000100001
011000000
100100001
010101111
010110000
011000000
010101111
010110000
100000110
000100001
011000000
100100111
010011110
010110000
100000010
000100001
000110100
011011110
000101010
011000000
100100001
110000110
001000101
000100111
000110010
100100001
000101000
000110111
010001000
000110110
110100100
110000100
000101001
000111010
110100101
110000001
001001001
000101001
000111010
110000100
110100111
001001001
010000010
101100000
100000010
000100001
000111110
101001000
000101110
000110011
011011110
000100011
110100101
000100101
011000000
100100001
110000110
001000101
000100111
000110010
100100001
000101000
000110111
010001000 
000110011
110100001
110000100
000100111
000110110
110000100
110100100
001000111 
010000010
101100000
100000010
000100001
011000000
100100001
110000110
001000101 
000100111
000110010
100100001
000101000
000110111
010001000
000110110
010000010
101100000
100000100
000100001
011000000
010101111
010110000
100000010
000100001
011000000
100100001
110000111
000100111
000110010
100100001
000101000
000110111
010001000
101100000
011000000
100100001
000000010
000100111 
000110110 
010000010 
000110101 
010000111
100000001
000100001
011000000
100111110
000101000
000110010
100100010
000100010
010011000
010110000
111111111
